algorithm,threshold,k,f1,std
deepfm,0.0,10.0,0.07756664274153081,0.01738379381619265
deepfm,0.1,10.0,0.07792667374706579,0.01718874520531049
deepfm,0.2,10.0,0.07785803200751627,0.017390204493963744
deepfm,0.30000000000000004,10.0,0.07788255607662303,0.018678388770583094
deepfm,0.4,10.0,0.07697444745940067,0.02000087043482429
deepfm,0.5,10.0,0.0769927964350674,0.020663950236890296
deepfm,0.6000000000000001,10.0,0.07641722922247947,0.02055496480166653
deepfm,0.7000000000000001,10.0,0.07595074253506114,0.021661390401479446
deepfm,0.8,10.0,0.07396290696193604,0.023834286094287678
deepfm,0.9,10.0,0.0714673540035668,0.02475380676082216
